1 1 0.0
1 1 0.0
1 2 0.0
1 2 0.0
1 4 0.0
1 4 0.0
1 8 0.0
1 8 0.0
1 16 0.0
1 16 0.0
1 32 0.0
1 32 0.0
1 64 0.0
1 64 0.0
1 128 0.0
1 128 0.0
1 256 0.0
1 256 0.0
1 512 0.0
1 512 0.0
1 1024 0.0
1 1024 0.0
1 2048 0.0
1 2048 0.0
1 4096 0.0
1 4096 0.0
1 8192 0.0
1 8192 0.0
1 16384 0.0
1 16384 0.0
1 32768 0.0
1 32768 0.0
1 1 0.0
1 1 3431095
1 2 3431095
1 2 3451395
1 4 3451395
1 4 3478195
1 8 3478195
1 8 0
1 16 0
1 16 0
1 32 0
1 32 0
1 64 0
1 64 0
1 128 0
1 128 0
1 256 0
1 256 0
1 512 0
1 512 0
1 1024 0
1 1024 0
1 2048 0
1 2048 0
1 4096 0
1 4096 0
1 8192 0
1 8192 0
1 16384 0
1 16384 0
1 32768 0
1 32768 0.0

1.5 1 0.0
1.5 1 3431095
1.5 2 3431095
1.5 2 3451395
1.5 4 3451395
1.5 4 3478195
1.5 8 3478195
1.5 8 0
1.5 16 0
1.5 16 0
1.5 32 0
1.5 32 0
1.5 64 0
1.5 64 0
1.5 128 0
1.5 128 0
1.5 256 0
1.5 256 0
1.5 512 0
1.5 512 0
1.5 1024 0
1.5 1024 0
1.5 2048 0
1.5 2048 0
1.5 4096 0
1.5 4096 0
1.5 8192 0
1.5 8192 0
1.5 16384 0
1.5 16384 0
1.5 32768 0
1.5 32768 0.0

1.5 1 0.0
1.5 1 0
1.5 2 0
1.5 2 0
1.5 4 0
1.5 4 0
1.5 8 0
1.5 8 0
1.5 16 0
1.5 16 0
1.5 32 0
1.5 32 0
1.5 64 0
1.5 64 0
1.5 128 0
1.5 128 0
1.5 256 0
1.5 256 0
1.5 512 0
1.5 512 0
1.5 1024 0
1.5 1024 0
1.5 2048 0
1.5 2048 0
1.5 4096 0
1.5 4096 0
1.5 8192 0
1.5 8192 0
1.5 16384 0
1.5 16384 0
1.5 32768 0
1.5 32768 0.0

2 1 0.0
2 1 0
2 2 0
2 2 0
2 4 0
2 4 0
2 8 0
2 8 0
2 16 0
2 16 0
2 32 0
2 32 0
2 64 0
2 64 0
2 128 0
2 128 0
2 256 0
2 256 0
2 512 0
2 512 0
2 1024 0
2 1024 0
2 2048 0
2 2048 0
2 4096 0
2 4096 0
2 8192 0
2 8192 0
2 16384 0
2 16384 0
2 32768 0
2 32768 0.0

2 1 0.0
2 1 2075397
2 2 2075397
2 2 2077737
2 4 2077737
2 4 2090477
2 8 2090477
2 8 0
2 16 0
2 16 0
2 32 0
2 32 0
2 64 0
2 64 0
2 128 0
2 128 0
2 256 0
2 256 0
2 512 0
2 512 0
2 1024 0
2 1024 0
2 2048 0
2 2048 0
2 4096 0
2 4096 0
2 8192 0
2 8192 0
2 16384 0
2 16384 0
2 32768 0
2 32768 0.0

3 1 0.0
3 1 2075397
3 2 2075397
3 2 2077737
3 4 2077737
3 4 2090477
3 8 2090477
3 8 0
3 16 0
3 16 0
3 32 0
3 32 0
3 64 0
3 64 0
3 128 0
3 128 0
3 256 0
3 256 0
3 512 0
3 512 0
3 1024 0
3 1024 0
3 2048 0
3 2048 0
3 4096 0
3 4096 0
3 8192 0
3 8192 0
3 16384 0
3 16384 0
3 32768 0
3 32768 0.0

3 1 0.0
3 1 0
3 2 0
3 2 0
3 4 0
3 4 0
3 8 0
3 8 0
3 16 0
3 16 0
3 32 0
3 32 0
3 64 0
3 64 0
3 128 0
3 128 0
3 256 0
3 256 0
3 512 0
3 512 0
3 1024 0
3 1024 0
3 2048 0
3 2048 0
3 4096 0
3 4096 0
3 8192 0
3 8192 0
3 16384 0
3 16384 0
3 32768 0
3 32768 0.0

4 1 0.0
4 1 0
4 2 0
4 2 0
4 4 0
4 4 0
4 8 0
4 8 0
4 16 0
4 16 0
4 32 0
4 32 0
4 64 0
4 64 0
4 128 0
4 128 0
4 256 0
4 256 0
4 512 0
4 512 0
4 1024 0
4 1024 0
4 2048 0
4 2048 0
4 4096 0
4 4096 0
4 8192 0
4 8192 0
4 16384 0
4 16384 0
4 32768 0
4 32768 0.0

4 1 0.0
4 1 1361177
4 2 1361177
4 2 1354573
4 4 1354573
4 4 1358421
4 8 1358421
4 8 0
4 16 0
4 16 0
4 32 0
4 32 0
4 64 0
4 64 0
4 128 0
4 128 0
4 256 0
4 256 0
4 512 0
4 512 0
4 1024 0
4 1024 0
4 2048 0
4 2048 0
4 4096 0
4 4096 0
4 8192 0
4 8192 0
4 16384 0
4 16384 0
4 32768 0
4 32768 0.0

6 1 0.0
6 1 1361177
6 2 1361177
6 2 1354573
6 4 1354573
6 4 1358421
6 8 1358421
6 8 0
6 16 0
6 16 0
6 32 0
6 32 0
6 64 0
6 64 0
6 128 0
6 128 0
6 256 0
6 256 0
6 512 0
6 512 0
6 1024 0
6 1024 0
6 2048 0
6 2048 0
6 4096 0
6 4096 0
6 8192 0
6 8192 0
6 16384 0
6 16384 0
6 32768 0
6 32768 0.0

6 1 0.0
6 1 0
6 2 0
6 2 0
6 4 0
6 4 0
6 8 0
6 8 0
6 16 0
6 16 0
6 32 0
6 32 0
6 64 0
6 64 0
6 128 0
6 128 0
6 256 0
6 256 0
6 512 0
6 512 0
6 1024 0
6 1024 0
6 2048 0
6 2048 0
6 4096 0
6 4096 0
6 8192 0
6 8192 0
6 16384 0
6 16384 0
6 32768 0
6 32768 0.0

8 1 0.0
8 1 0
8 2 0
8 2 0
8 4 0
8 4 0
8 8 0
8 8 0
8 16 0
8 16 0
8 32 0
8 32 0
8 64 0
8 64 0
8 128 0
8 128 0
8 256 0
8 256 0
8 512 0
8 512 0
8 1024 0
8 1024 0
8 2048 0
8 2048 0
8 4096 0
8 4096 0
8 8192 0
8 8192 0
8 16384 0
8 16384 0
8 32768 0
8 32768 0.0

8 1 0.0
8 1 1004953
8 2 1004953
8 2 994313
8 4 994313
8 4 997337
8 8 997337
8 8 0
8 16 0
8 16 0
8 32 0
8 32 0
8 64 0
8 64 0
8 128 0
8 128 0
8 256 0
8 256 0
8 512 0
8 512 0
8 1024 0
8 1024 0
8 2048 0
8 2048 0
8 4096 0
8 4096 0
8 8192 0
8 8192 0
8 16384 0
8 16384 0
8 32768 0
8 32768 0.0

12 1 0.0
12 1 1004953
12 2 1004953
12 2 994313
12 4 994313
12 4 997337
12 8 997337
12 8 0
12 16 0
12 16 0
12 32 0
12 32 0
12 64 0
12 64 0
12 128 0
12 128 0
12 256 0
12 256 0
12 512 0
12 512 0
12 1024 0
12 1024 0
12 2048 0
12 2048 0
12 4096 0
12 4096 0
12 8192 0
12 8192 0
12 16384 0
12 16384 0
12 32768 0
12 32768 0.0

12 1 0.0
12 1 0
12 2 0
12 2 0
12 4 0
12 4 0
12 8 0
12 8 0
12 16 0
12 16 0
12 32 0
12 32 0
12 64 0
12 64 0
12 128 0
12 128 0
12 256 0
12 256 0
12 512 0
12 512 0
12 1024 0
12 1024 0
12 2048 0
12 2048 0
12 4096 0
12 4096 0
12 8192 0
12 8192 0
12 16384 0
12 16384 0
12 32768 0
12 32768 0.0

16 1 0.0
16 1 0
16 2 0
16 2 0
16 4 0
16 4 0
16 8 0
16 8 0
16 16 0
16 16 0
16 32 0
16 32 0
16 64 0
16 64 0
16 128 0
16 128 0
16 256 0
16 256 0
16 512 0
16 512 0
16 1024 0
16 1024 0
16 2048 0
16 2048 0
16 4096 0
16 4096 0
16 8192 0
16 8192 0
16 16384 0
16 16384 0
16 32768 0
16 32768 0.0

16 1 0.0
16 1 752365
16 2 752365
16 2 709037
16 4 709037
16 4 708525
16 8 708525
16 8 0
16 16 0
16 16 0
16 32 0
16 32 0
16 64 0
16 64 0
16 128 0
16 128 0
16 256 0
16 256 0
16 512 0
16 512 0
16 1024 0
16 1024 0
16 2048 0
16 2048 0
16 4096 0
16 4096 0
16 8192 0
16 8192 0
16 16384 0
16 16384 0
16 32768 0
16 32768 0.0

24 1 0.0
24 1 752365
24 2 752365
24 2 709037
24 4 709037
24 4 708525
24 8 708525
24 8 0
24 16 0
24 16 0
24 32 0
24 32 0
24 64 0
24 64 0
24 128 0
24 128 0
24 256 0
24 256 0
24 512 0
24 512 0
24 1024 0
24 1024 0
24 2048 0
24 2048 0
24 4096 0
24 4096 0
24 8192 0
24 8192 0
24 16384 0
24 16384 0
24 32768 0
24 32768 0.0

24 1 0.0
24 1 0
24 2 0
24 2 0
24 4 0
24 4 0
24 8 0
24 8 0
24 16 0
24 16 0
24 32 0
24 32 0
24 64 0
24 64 0
24 128 0
24 128 0
24 256 0
24 256 0
24 512 0
24 512 0
24 1024 0
24 1024 0
24 2048 0
24 2048 0
24 4096 0
24 4096 0
24 8192 0
24 8192 0
24 16384 0
24 16384 0
24 32768 0
24 32768 0.0

32 1 0.0
32 1 0
32 2 0
32 2 0
32 4 0
32 4 0
32 8 0
32 8 0
32 16 0
32 16 0
32 32 0
32 32 0
32 64 0
32 64 0
32 128 0
32 128 0
32 256 0
32 256 0
32 512 0
32 512 0
32 1024 0
32 1024 0
32 2048 0
32 2048 0
32 4096 0
32 4096 0
32 8192 0
32 8192 0
32 16384 0
32 16384 0
32 32768 0
32 32768 0.0

32 1 0.0
32 1 753393
32 2 753393
32 2 623945
32 4 623945
32 4 622065
32 8 622065
32 8 0
32 16 0
32 16 0
32 32 0
32 32 0
32 64 0
32 64 0
32 128 0
32 128 0
32 256 0
32 256 0
32 512 0
32 512 0
32 1024 0
32 1024 0
32 2048 0
32 2048 0
32 4096 0
32 4096 0
32 8192 0
32 8192 0
32 16384 0
32 16384 0
32 32768 0
32 32768 0.0

48 1 0.0
48 1 753393
48 2 753393
48 2 623945
48 4 623945
48 4 622065
48 8 622065
48 8 0
48 16 0
48 16 0
48 32 0
48 32 0
48 64 0
48 64 0
48 128 0
48 128 0
48 256 0
48 256 0
48 512 0
48 512 0
48 1024 0
48 1024 0
48 2048 0
48 2048 0
48 4096 0
48 4096 0
48 8192 0
48 8192 0
48 16384 0
48 16384 0
48 32768 0
48 32768 0.0

48 1 0.0
48 1 0
48 2 0
48 2 0
48 4 0
48 4 0
48 8 0
48 8 0
48 16 0
48 16 0
48 32 0
48 32 0
48 64 0
48 64 0
48 128 0
48 128 0
48 256 0
48 256 0
48 512 0
48 512 0
48 1024 0
48 1024 0
48 2048 0
48 2048 0
48 4096 0
48 4096 0
48 8192 0
48 8192 0
48 16384 0
48 16384 0
48 32768 0
48 32768 0.0

64 1 0.0
64 1 0
64 2 0
64 2 0
64 4 0
64 4 0
64 8 0
64 8 0
64 16 0
64 16 0
64 32 0
64 32 0
64 64 0
64 64 0
64 128 0
64 128 0
64 256 0
64 256 0
64 512 0
64 512 0
64 1024 0
64 1024 0
64 2048 0
64 2048 0
64 4096 0
64 4096 0
64 8192 0
64 8192 0
64 16384 0
64 16384 0
64 32768 0
64 32768 0.0

64 1 0.0
64 1 937653
64 2 937653
64 2 545204
64 4 545204
64 4 537269
64 8 537269
64 8 0
64 16 0
64 16 0
64 32 0
64 32 0
64 64 0
64 64 0
64 128 0
64 128 0
64 256 0
64 256 0
64 512 0
64 512 0
64 1024 0
64 1024 0
64 2048 0
64 2048 0
64 4096 0
64 4096 0
64 8192 0
64 8192 0
64 16384 0
64 16384 0
64 32768 0
64 32768 0.0

96 1 0.0
96 1 937653
96 2 937653
96 2 545204
96 4 545204
96 4 537269
96 8 537269
96 8 0
96 16 0
96 16 0
96 32 0
96 32 0
96 64 0
96 64 0
96 128 0
96 128 0
96 256 0
96 256 0
96 512 0
96 512 0
96 1024 0
96 1024 0
96 2048 0
96 2048 0
96 4096 0
96 4096 0
96 8192 0
96 8192 0
96 16384 0
96 16384 0
96 32768 0
96 32768 0.0

96 1 0.0
96 1 0
96 2 0
96 2 0
96 4 0
96 4 0
96 8 0
96 8 0
96 16 0
96 16 0
96 32 0
96 32 0
96 64 0
96 64 0
96 128 0
96 128 0
96 256 0
96 256 0
96 512 0
96 512 0
96 1024 0
96 1024 0
96 2048 0
96 2048 0
96 4096 0
96 4096 0
96 8192 0
96 8192 0
96 16384 0
96 16384 0
96 32768 0
96 32768 0.0

128 1 0.0
128 1 0
128 2 0
128 2 0
128 4 0
128 4 0
128 8 0
128 8 0
128 16 0
128 16 0
128 32 0
128 32 0
128 64 0
128 64 0
128 128 0
128 128 0
128 256 0
128 256 0
128 512 0
128 512 0
128 1024 0
128 1024 0
128 2048 0
128 2048 0
128 4096 0
128 4096 0
128 8192 0
128 8192 0
128 16384 0
128 16384 0
128 32768 0
128 32768 0.0

128 1 0.0
128 1 0
128 2 0
128 2 0
128 4 0
128 4 0
128 8 0
128 8 0
128 16 0
128 16 0
128 32 0
128 32 0
128 64 0
128 64 0
128 128 0
128 128 0
128 256 0
128 256 0
128 512 0
128 512 0
128 1024 0
128 1024 0
128 2048 0
128 2048 0
128 4096 0
128 4096 0
128 8192 0
128 8192 0
128 16384 0
128 16384 0
128 32768 0
128 32768 0.0

192 1 0.0
192 1 0
192 2 0
192 2 0
192 4 0
192 4 0
192 8 0
192 8 0
192 16 0
192 16 0
192 32 0
192 32 0
192 64 0
192 64 0
192 128 0
192 128 0
192 256 0
192 256 0
192 512 0
192 512 0
192 1024 0
192 1024 0
192 2048 0
192 2048 0
192 4096 0
192 4096 0
192 8192 0
192 8192 0
192 16384 0
192 16384 0
192 32768 0
192 32768 0.0

192 1 0.0
192 1 0.0
192 2 0.0
192 2 0.0
192 4 0.0
192 4 0.0
192 8 0.0
192 8 0.0
192 16 0.0
192 16 0.0
192 32 0.0
192 32 0.0
192 64 0.0
192 64 0.0
192 128 0.0
192 128 0.0
192 256 0.0
192 256 0.0
192 512 0.0
192 512 0.0
192 1024 0.0
192 1024 0.0
192 2048 0.0
192 2048 0.0
192 4096 0.0
192 4096 0.0
192 8192 0.0
192 8192 0.0
192 16384 0.0
192 16384 0.0
192 32768 0.0
192 32768 0.0
